ID: 2024Y-04M-10D-18h02m06s_l0TK
START_TIME: 2024-04-10 18:02:06.330445
SDIR: 
    /home/ywatanabe/proj/entrance/mngs/dsp/_hilbert/RUNNING/2024Y-04M-10D-18h02m06s_l0TK/
END_TIME: 2024-04-10 18:03:08.658429
SPENT_TIME: 00:01:02
