ID: 2024Y-04M-10D-18h41m24s_4ic3
START_TIME: 2024-04-10 18:41:24.177052
SDIR: 
    /home/ywatanabe/proj/entrance/mngs/dsp/_demo_sig/RUNNING/2024Y-04M-10D-18h41m24s_4ic3/
END_TIME: 2024-04-10 18:42:13.983414
SPENT_TIME: 00:00:49
