ID: 2024Y-04M-10D-17h57m09s_sfZn
START_TIME: 2024-04-10 17:57:09.310171
SDIR: 
    /home/ywatanabe/proj/entrance/mngs/dsp/_demo_sig/RUNNING/2024Y-04M-10D-17h57m09s_sfZn/
END_TIME: 2024-04-10 17:57:59.660076
SPENT_TIME: 00:00:50
