ID: 2024Y-04M-11D-17h07m49s_QDcR
START_TIME: 2024-04-11 17:07:49.965862
SDIR: 
    /home/ywatanabe/proj/entrance/mngs/dsp/nn/_PAC/RUNNING/2024Y-04M-11D-17h07m49s_QDcR/
END_TIME: 2024-04-11 17:08:46.117732
SPENT_TIME: 00:00:56
