ID: 2024Y-06M-08D-00h08m54s_wMU1
START_TIME: 2024-06-08 00:08:54.740832
SDIR: 
    /home/ywatanabe/proj/mngs/src/mngs/plt/_subplots/_to_sigma/RUNNING/2024Y-06M-08D-00h08m54s_wMU1/
END_TIME: 2024-06-08 00:08:56.174912
SPENT_TIME: 00:00:01
