ID: 2024Y-04M-11D-09h00m09s_YY0C
START_TIME: 2024-04-11 09:00:09.983743
SDIR: 
    /home/ywatanabe/proj/entrance/mngs/dsp/nn/_PAC/RUNNING/2024Y-04M-11D-09h00m09s_YY0C/
END_TIME: 2024-04-11 09:01:00.621668
SPENT_TIME: 00:00:50
