ID: 2024Y-06M-07D-22h56m52s_cYNw
START_TIME: 2024-06-07 22:56:52.073329
SDIR: 
    /home/ywatanabe/proj/mngs/src/mngs/plt/_subplots/_to_sigma/RUNNING/2024Y-06M-07D-22h56m52s_cYNw/
END_TIME: 2024-06-07 22:56:53.525733
SPENT_TIME: 00:00:01
