ID: 2024Y-04M-11D-17h05m03s_Y7uW
START_TIME: 2024-04-11 17:05:03.562069
SDIR: 
    /home/ywatanabe/proj/entrance/mngs/dsp/nn/_PAC/RUNNING/2024Y-04M-11D-17h05m03s_Y7uW/
END_TIME: 2024-04-11 17:06:00.316870
SPENT_TIME: 00:00:56
