ID: 2024Y-04M-10D-18h04m52s_9Kxp
START_TIME: 2024-04-10 18:04:52.520128
SDIR: 
    /home/ywatanabe/proj/entrance/mngs/dsp/_hilbert/RUNNING/2024Y-04M-10D-18h04m52s_9Kxp/
END_TIME: 2024-04-10 18:05:42.882741
SPENT_TIME: 00:00:50
