ID: 2024Y-04M-10D-18h05m59s_45Ce
START_TIME: 2024-04-10 18:05:59.723539
SDIR: 
    /home/ywatanabe/proj/entrance/mngs/dsp/_hilbert/RUNNING/2024Y-04M-10D-18h05m59s_45Ce/
END_TIME: 2024-04-10 18:06:50.085932
SPENT_TIME: 00:00:50
