ID: 2024Y-04M-10D-15h50m03s_B1AT
START_TIME: 2024-04-10 15:50:03.241602
SDIR: 
    /home/ywatanabe/proj/mngs/src/mngs/dsp/filt/RUNNING/2024Y-04M-10D-15h50m03s_B1AT/
END_TIME: 2024-04-10 15:50:55.880356
SPENT_TIME: 00:00:52
