ID: 2024Y-06M-08D-00h05m41s_qICC
START_TIME: 2024-06-08 00:05:41.001612
SDIR: 
    /home/ywatanabe/proj/mngs/src/mngs/plt/_subplots/_to_sigma/RUNNING/2024Y-06M-08D-00h05m41s_qICC/
END_TIME: 2024-06-08 00:05:42.444239
SPENT_TIME: 00:00:01
