ID: 2024Y-04M-11D-09h39m02s_T8E7
START_TIME: 2024-04-11 09:39:02.655251
SDIR: 
    /home/ywatanabe/proj/entrance/mngs/dsp/nn/_PAC/RUNNING/2024Y-04M-11D-09h39m02s_T8E7/
END_TIME: 2024-04-11 09:39:56.133911
SPENT_TIME: 00:00:53
