ID: 2024Y-04M-10D-17h05m56s_Dq8H
START_TIME: 2024-04-10 17:05:56.061091
SDIR: 
    /home/ywatanabe/proj/entrance/mngs/dsp/add_noise/RUNNING/2024Y-04M-10D-17h05m56s_Dq8H/
END_TIME: 2024-04-10 17:06:43.561213
SPENT_TIME: 00:00:47
