ID: 2024Y-04M-10D-17h46m38s_bQ2e
START_TIME: 2024-04-10 17:46:38.884945
SDIR: 
    /home/ywatanabe/proj/entrance/mngs/dsp/_demo_sig/RUNNING/2024Y-04M-10D-17h46m38s_bQ2e/
END_TIME: 2024-04-10 17:47:28.996261
SPENT_TIME: 00:00:50
