ID: 2024Y-04M-10D-17h16m35s_faDh
START_TIME: 2024-04-10 17:16:35.808051
SDIR: 
    /home/ywatanabe/proj/entrance/mngs/dsp/add_noise/RUNNING/2024Y-04M-10D-17h16m35s_faDh/
END_TIME: 2024-04-10 17:17:25.726559
SPENT_TIME: 00:00:49
