ID: 2024Y-06M-08D-00h09m25s_FTox
START_TIME: 2024-06-08 00:09:25.567560
SDIR: 
    /home/ywatanabe/proj/mngs/src/mngs/plt/_subplots/_to_sigma/RUNNING/2024Y-06M-08D-00h09m25s_FTox/
END_TIME: 2024-06-08 00:09:27.001978
SPENT_TIME: 00:00:01
