ID: 2024Y-04M-10D-15h53m18s_6FzS
START_TIME: 2024-04-10 15:53:18.989813
SDIR: 
    /home/ywatanabe/proj/mngs/src/mngs/dsp/filt/RUNNING/2024Y-04M-10D-15h53m18s_6FzS/
END_TIME: 2024-04-10 15:54:12.121841
SPENT_TIME: 00:00:53
