ID: 2024Y-04M-10D-17h49m03s_94EB
START_TIME: 2024-04-10 17:49:03.265938
SDIR: 
    /home/ywatanabe/proj/entrance/mngs/dsp/_demo_sig/RUNNING/2024Y-04M-10D-17h49m03s_94EB/
END_TIME: 2024-04-10 17:49:53.162134
SPENT_TIME: 00:00:49
