ID: 2024Y-04M-11D-15h50m44s_HbPw
START_TIME: 2024-04-11 15:50:44.981480
SDIR: 
    /home/ywatanabe/proj/entrance/mngs/dsp/nn/_Filters/RUNNING/2024Y-04M-11D-15h50m44s_HbPw/
END_TIME: 2024-04-11 15:53:19.447366
SPENT_TIME: 00:02:34
