ID: 2024Y-06M-07D-22h58m04s_DuZY
START_TIME: 2024-06-07 22:58:04.584426
SDIR: 
    /home/ywatanabe/proj/mngs/src/mngs/plt/_subplots/_to_sigma/RUNNING/2024Y-06M-07D-22h58m04s_DuZY/
END_TIME: 2024-06-07 22:58:06.017668
SPENT_TIME: 00:00:01
