ID: 2024Y-04M-10D-20h44m46s_jGyw
START_TIME: 2024-04-10 20:44:46.536756
SDIR: 
    /home/ywatanabe/proj/entrance/mngs/nn/_ModulationIndex/RUNNING/2024Y-04M-10D-20h44m46s_jGyw/
END_TIME: 2024-04-10 20:45:39.376398
SPENT_TIME: 00:00:52
