ID: 2024Y-06M-08D-00h08m15s_quF3
START_TIME: 2024-06-08 00:08:15.823627
SDIR: 
    /home/ywatanabe/proj/mngs/src/mngs/plt/_subplots/_to_sigma/RUNNING/2024Y-06M-08D-00h08m15s_quF3/
END_TIME: 2024-06-08 00:08:17.257855
SPENT_TIME: 00:00:01
