ID: 2024Y-06M-08D-00h06m46s_i9pW
START_TIME: 2024-06-08 00:06:46.839664
SDIR: 
    /home/ywatanabe/proj/mngs/src/mngs/plt/_subplots/_to_sigma/RUNNING/2024Y-06M-08D-00h06m46s_i9pW/
END_TIME: 2024-06-08 00:06:48.273574
SPENT_TIME: 00:00:01
